ѕараметры сети:

	ќсновной поток требований.
		"lambda" = 1

	—реднее число обслуживаемых требований первым прибором.
		"mu1" = 3

	—реднее число обслуживаемых требований вторым прибором.
		"mu2" = 3

	¬еро€тность попадани€ требовани€ из очереди "lambda" в очередь системы S1.
		"theta1" = 0.5

	¬еро€тность попадани€ требовани€ из очереди "lambda" в очередь системы S2.

		"theta2" = 0.5

ƒлительности этапов:

	ƒлительность первого этапа.
		"1 / alpha" = 100

	ƒлительность второго этапа.
		"tau" = 1

	ƒлительность третьего этапа.
		"1 / beta" = 0.01

	ƒлительность четвертого этапа.

		"tau" = 1

’арактеристики сети:

	ћатематическое ожидание числа требований в 1 системе на 1 этапе.
		"q_s1_1" = 0.166106

	ћатематическое ожидание числа требований в 1 системе на 2 этапе.
		"q_s1_2" = 0.375208

	ћатематическое ожидание числа требований в 1 системе на 3 этапе.
		"q_s1_3" = 0.581746

	ћатематическое ожидание числа требований в 1 системе на 4 этапе.
		"q_s1_4" = 0.217326

	ћатематическое ожидание числа требований в 1 системе.
		"q_s1" = 0.168699

	ћатематическое ожидание числа требований во 2 системе на 1 этапе.
		"q_s2_1" = 0.16788

	ћатематическое ожидание числа требований во 2 системе на 2 этапе.
		"q_s2_2" = 0.131116

	ћатематическое ожидание числа требований во 2 системе на 3 этапе.
		"q_s2_3" = 0.102455

	ћатематическое ожидание числа требований во 2 системе на 4 этапе.
		"q_s2_4" = 0.277322

	ћатематическое ожидание числа требований во 2 системе.
		"q_s2" = 0.168586

	??????.
		"lambda1" = 0.50495

	??????.
		"lambda2" = 0.49505

	ћатематическое ожидание длительности требований в 1 системе.
		"u1" = 0.33409

	ћатематическое ожидание длительности требований во 2 системе.
		"u2" = 0.340543


ћатрица веро€тностей "P":

      0.655    0.0299   0.00848   0.00193  0.000383  6.96e-05  1.21e-05  2.04e-06  3.42e-07  5.71e-08  9.52e-09  1.59e-09  2.65e-10  4.41e-11  7.35e-12  1.23e-12  2.04e-13   3.4e-14  5.67e-15  9.45e-16  1.58e-16  2.63e-17  4.38e-18  7.29e-19  1.22e-19  2.02e-20  3.32e-21  5.09e-22   5.6e-23         0 
      0.207   0.00943   0.00267   0.00061  0.000121  2.19e-05   3.8e-06  6.44e-07  1.08e-07   1.8e-08     3e-09  5.01e-10  8.35e-11  1.39e-11  2.32e-12  3.87e-13  6.44e-14  1.07e-14  1.79e-15  2.98e-16  4.97e-17  8.28e-18  1.38e-18   2.3e-19  3.83e-20  6.38e-21  1.05e-21   1.6e-22  1.77e-23         0 
     0.0597   0.00273  0.000773  0.000176  3.49e-05  6.34e-06   1.1e-06  1.86e-07  3.12e-08  5.21e-09  8.69e-10  1.45e-10  2.41e-11  4.02e-12  6.71e-13  1.12e-13  1.86e-14   3.1e-15  5.17e-16  8.62e-17  1.44e-17   2.4e-18  3.99e-19  6.65e-20  1.11e-20  1.84e-21  3.03e-22  4.64e-23  5.11e-24         0 
     0.0156  0.000712  0.000202   4.6e-05  9.11e-06  1.66e-06  2.87e-07  4.86e-08  8.15e-09  1.36e-09  2.27e-10  3.78e-11   6.3e-12  1.05e-12  1.75e-13  2.92e-14  4.86e-15   8.1e-16  1.35e-16  2.25e-17  3.75e-18  6.25e-19  1.04e-19  1.74e-20  2.89e-21  4.81e-22  7.91e-23  1.21e-23  1.33e-24         0 
    0.00367  0.000168  4.76e-05  1.09e-05  2.15e-06  3.91e-07  6.77e-08  1.15e-08  1.92e-09  3.21e-10  5.35e-11  8.92e-12  1.49e-12  2.48e-13  4.13e-14  6.88e-15  1.15e-15  1.91e-16  3.19e-17  5.31e-18  8.85e-19  1.48e-19  2.46e-20   4.1e-21  6.83e-22  1.14e-22  1.87e-23  2.86e-24  3.15e-25         0 
    0.00079  3.62e-05  1.03e-05  2.34e-06  4.63e-07  8.42e-08  1.46e-08  2.47e-09  4.14e-10  6.91e-11  1.15e-11  1.92e-12   3.2e-13  5.34e-14  8.89e-15  1.48e-15  2.47e-16  4.12e-17  6.86e-18  1.14e-18  1.91e-19  3.18e-20   5.3e-21  8.83e-22  1.47e-22  2.45e-23  4.02e-24  6.16e-25  6.78e-26         0 
   0.000157  7.21e-06  2.05e-06  4.67e-07  9.24e-08  1.68e-08  2.91e-09  4.93e-10  8.26e-11  1.38e-11   2.3e-12  3.83e-13  6.39e-14  1.06e-14  1.77e-15  2.96e-16  4.93e-17  8.22e-18  1.37e-18  2.28e-19   3.8e-20  6.34e-21  1.06e-21  1.76e-22  2.93e-23  4.88e-24  8.02e-25  1.23e-25  1.35e-26         0 
   2.96e-05  1.36e-06  3.84e-07  8.77e-08  1.74e-08  3.16e-09  5.47e-10  9.26e-11  1.55e-11  2.59e-12  4.32e-13   7.2e-14   1.2e-14     2e-15  3.34e-16  5.56e-17  9.26e-18  1.54e-18  2.57e-19  4.29e-20  7.15e-21  1.19e-21  1.99e-22  3.31e-23  5.51e-24  9.17e-25  1.51e-25  2.31e-26  2.54e-27         0 
   5.31e-06  2.44e-07  6.91e-08  1.58e-08  3.12e-09  5.67e-10  9.83e-11  1.66e-11  2.79e-12  4.66e-13  7.77e-14  1.29e-14  2.16e-15   3.6e-16  5.99e-17  9.99e-18  1.66e-18  2.77e-19  4.62e-20  7.71e-21  1.28e-21  2.14e-22  3.57e-23  5.95e-24  9.91e-25  1.65e-25  2.71e-26  4.15e-27  4.57e-28         0 
   9.25e-07  4.24e-08   1.2e-08  2.75e-09  5.44e-10  9.88e-11  1.71e-11   2.9e-12  4.86e-13  8.11e-14  1.35e-14  2.26e-15  3.76e-16  6.27e-17  1.04e-17  1.74e-18   2.9e-19  4.83e-20  8.06e-21  1.34e-21  2.24e-22  3.73e-23  6.22e-24  1.04e-24  1.73e-25  2.87e-26  4.72e-27  7.23e-28  7.97e-29         0 
   1.58e-07  7.25e-09  2.06e-09  4.69e-10  9.29e-11  1.69e-11  2.92e-12  4.95e-13   8.3e-14  1.39e-14  2.31e-15  3.85e-16  6.42e-17  1.07e-17  1.78e-18  2.97e-19  4.95e-20  8.26e-21  1.38e-21  2.29e-22  3.82e-23  6.37e-24  1.06e-24  1.77e-25  2.95e-26   4.9e-27  8.06e-28  1.23e-28  1.36e-29         0 
   2.66e-08  1.22e-09  3.47e-10  7.91e-11  1.57e-11  2.85e-12  4.94e-13  8.36e-14   1.4e-14  2.34e-15   3.9e-16   6.5e-17  1.08e-17  1.81e-18  3.01e-19  5.02e-20  8.36e-21  1.39e-21  2.32e-22  3.87e-23  6.45e-24  1.08e-24  1.79e-25  2.99e-26  4.98e-27  8.28e-28  1.36e-28  2.08e-29   2.3e-30         0 
   4.47e-09  2.05e-10  5.82e-11  1.33e-11  2.63e-12  4.77e-13  8.27e-14   1.4e-14  2.35e-15  3.92e-16  6.54e-17  1.09e-17  1.82e-18  3.03e-19  5.05e-20  8.41e-21   1.4e-21  2.34e-22  3.89e-23  6.49e-24  1.08e-24   1.8e-25     3e-26  5.01e-27  8.34e-28  1.39e-28  2.28e-29  3.49e-30  3.85e-31         0 
   7.46e-10  3.43e-11  9.72e-12  2.22e-12  4.39e-13  7.98e-14  1.38e-14  2.34e-15  3.92e-16  6.55e-17  1.09e-17  1.82e-18  3.04e-19  5.06e-20  8.43e-21  1.41e-21  2.34e-22   3.9e-23  6.51e-24  1.08e-24  1.81e-25  3.01e-26  5.02e-27  8.37e-28  1.39e-28  2.32e-29  3.81e-30  5.84e-31  6.44e-32         0 
   1.25e-10  5.72e-12  1.62e-12   3.7e-13  7.33e-14  1.33e-14  2.31e-15  3.91e-16  6.55e-17  1.09e-17  1.82e-18  3.04e-19  5.07e-20  8.44e-21  1.41e-21  2.35e-22  3.91e-23  6.51e-24  1.09e-24  1.81e-25  3.02e-26  5.03e-27  8.38e-28   1.4e-28  2.33e-29  3.87e-30  6.36e-31  9.74e-32  1.07e-32         0 
   2.08e-11  9.53e-13   2.7e-13  6.17e-14  1.22e-14  2.22e-15  3.85e-16  6.51e-17  1.09e-17  1.82e-18  3.04e-19  5.07e-20  8.45e-21  1.41e-21  2.35e-22  3.91e-23  6.52e-24  1.09e-24  1.81e-25  3.02e-26  5.03e-27  8.38e-28   1.4e-28  2.33e-29  3.88e-30  6.45e-31  1.06e-31  1.62e-32  1.79e-33         0 
   3.46e-12  1.59e-13  4.51e-14  1.03e-14  2.04e-15   3.7e-16  6.41e-17  1.09e-17  1.82e-18  3.04e-19  5.07e-20  8.45e-21  1.41e-21  2.35e-22  3.91e-23  6.52e-24  1.09e-24  1.81e-25  3.02e-26  5.03e-27  8.38e-28   1.4e-28  2.33e-29  3.88e-30  6.47e-31  1.08e-31  1.77e-32  2.71e-33  2.99e-34         0 
   5.77e-13  2.65e-14  7.51e-15  1.71e-15  3.39e-16  6.17e-17  1.07e-17  1.81e-18  3.03e-19  5.07e-20  8.45e-21  1.41e-21  2.35e-22  3.91e-23  6.52e-24  1.09e-24  1.81e-25  3.02e-26  5.03e-27  8.38e-28   1.4e-28  2.33e-29  3.88e-30  6.47e-31  1.08e-31  1.79e-32  2.95e-33  4.51e-34  4.98e-35         0 
   9.61e-14  4.41e-15  1.25e-15  2.86e-16  5.66e-17  1.03e-17  1.78e-18  3.02e-19  5.06e-20  8.44e-21  1.41e-21  2.35e-22  3.91e-23  6.52e-24  1.09e-24  1.81e-25  3.02e-26  5.03e-27  8.38e-28   1.4e-28  2.33e-29  3.88e-30  6.47e-31  1.08e-31   1.8e-32  2.99e-33  4.91e-34  7.52e-35  8.29e-36         0 
    1.6e-14  7.36e-16  2.09e-16  4.76e-17  9.43e-18  1.71e-18  2.97e-19  5.03e-20  8.43e-21  1.41e-21  2.35e-22  3.91e-23  6.52e-24  1.09e-24  1.81e-25  3.02e-26  5.03e-27  8.38e-28   1.4e-28  2.33e-29  3.88e-30  6.47e-31  1.08e-31   1.8e-32  2.99e-33  4.98e-34  8.18e-35  1.25e-35  1.38e-36         0 
   2.67e-15  1.23e-16  3.48e-17  7.94e-18  1.57e-18  2.86e-19  4.95e-20  8.38e-21   1.4e-21  2.35e-22  3.91e-23  6.52e-24  1.09e-24  1.81e-25  3.02e-26  5.03e-27  8.38e-28   1.4e-28  2.33e-29  3.88e-30  6.47e-31  1.08e-31   1.8e-32  2.99e-33  4.99e-34   8.3e-35  1.36e-35  2.09e-36   2.3e-37         0 
   4.45e-16  2.04e-17   5.8e-18  1.32e-18  2.62e-19  4.76e-20  8.25e-21   1.4e-21  2.34e-22  3.91e-23  6.52e-24  1.09e-24  1.81e-25  3.02e-26  5.03e-27  8.38e-28   1.4e-28  2.33e-29  3.88e-30  6.47e-31  1.08e-31   1.8e-32  2.99e-33  4.99e-34  8.32e-35  1.38e-35  2.27e-36  3.48e-37  3.84e-38         0 
   7.42e-17  3.41e-18  9.66e-19   2.2e-19  4.36e-20  7.93e-21  1.37e-21  2.33e-22   3.9e-23  6.51e-24  1.09e-24  1.81e-25  3.02e-26  5.03e-27  8.38e-28   1.4e-28  2.33e-29  3.88e-30  6.47e-31  1.08e-31   1.8e-32  2.99e-33  4.99e-34  8.32e-35  1.39e-35  2.31e-36  3.79e-37   5.8e-38   6.4e-39         0 
   1.24e-17  5.68e-19  1.61e-19  3.67e-20  7.27e-21  1.32e-21  2.29e-22  3.88e-23   6.5e-24  1.09e-24  1.81e-25  3.02e-26  5.03e-27  8.38e-28   1.4e-28  2.33e-29  3.88e-30  6.47e-31  1.08e-31   1.8e-32  2.99e-33  4.99e-34  8.32e-35  1.39e-35  2.31e-36  3.84e-37  6.31e-38  9.67e-39  1.07e-39         0 
   2.06e-18  9.46e-20  2.68e-20  6.12e-21  1.21e-21   2.2e-22  3.82e-23  6.47e-24  1.08e-24  1.81e-25  3.02e-26  5.03e-27  8.38e-28   1.4e-28  2.33e-29  3.88e-30  6.47e-31  1.08e-31   1.8e-32  2.99e-33  4.99e-34  8.32e-35  1.39e-35  2.31e-36  3.85e-37   6.4e-38  1.05e-38  1.61e-39  1.78e-40         0 
   3.43e-19  1.58e-20  4.47e-21  1.02e-21  2.02e-22  3.67e-23  6.36e-24  1.08e-24  1.81e-25  3.02e-26  5.03e-27  8.38e-28   1.4e-28  2.33e-29  3.88e-30  6.47e-31  1.08e-31   1.8e-32  2.99e-33  4.99e-34  8.32e-35  1.39e-35  2.31e-36  3.85e-37  6.42e-38  1.07e-38  1.75e-39  2.69e-40  2.96e-41         0 
   5.72e-20  2.63e-21  7.45e-22   1.7e-22  3.37e-23  6.12e-24  1.06e-24  1.79e-25  3.01e-26  5.02e-27  8.38e-28   1.4e-28  2.33e-29  3.88e-30  6.46e-31  1.08e-31   1.8e-32  2.99e-33  4.99e-34  8.31e-35  1.39e-35  2.31e-36  3.85e-37  6.41e-38  1.07e-38  1.78e-39  2.92e-40  4.48e-41  4.93e-42         0 
   9.47e-21  4.35e-22  1.23e-22  2.81e-23  5.57e-24  1.01e-24  1.75e-25  2.97e-26  4.98e-27  8.31e-28  1.39e-28  2.31e-29  3.85e-30  6.42e-31  1.07e-31  1.78e-32  2.97e-33  4.95e-34  8.26e-35  1.38e-35  2.29e-36  3.82e-37  6.37e-38  1.06e-38  1.77e-39  2.94e-40  4.84e-41  7.41e-42  8.17e-43         0 
   1.46e-21  6.68e-23   1.9e-23  4.33e-24  8.57e-25  1.56e-25   2.7e-26  4.57e-27  7.66e-28  1.28e-28  2.13e-29  3.55e-30  5.92e-31  9.87e-32  1.65e-32  2.74e-33  4.57e-34  7.62e-35  1.27e-35  2.12e-36  3.53e-37  5.88e-38  9.79e-39  1.63e-39  2.72e-40  4.52e-41  7.43e-42  1.14e-42  1.26e-43         0 
          0         0         0         0         0         0         0         0         0         0         0         0         0         0         0         0         0         0         0         0         0         0         0         0         0         0         0         0         0         0 
