
Матрица вероятностей "Основная матрица вероятностей":

      0.637    0.0291   0.00824   0.00188  0.000372  6.76e-05  1.17e-05  1.98e-06  3.33e-07  5.55e-08  9.26e-09  1.54e-09  2.57e-10  4.29e-11  7.15e-12  1.19e-12  1.98e-13  3.31e-14  5.51e-15  9.19e-16  1.53e-16  2.55e-17  4.25e-18  7.09e-19  1.18e-19  1.97e-20  3.23e-21  4.95e-22  5.45e-23         0 
      0.209   0.00955   0.00271  0.000618  0.000122  2.22e-05  3.85e-06  6.52e-07  1.09e-07  1.82e-08  3.04e-09  5.07e-10  8.45e-11  1.41e-11  2.35e-12  3.91e-13  6.52e-14  1.09e-14  1.81e-15  3.02e-16  5.03e-17  8.39e-18   1.4e-18  2.33e-19  3.88e-20  6.46e-21  1.06e-21  1.63e-22  1.79e-23         0 
     0.0669   0.00305  0.000866  0.000198  3.91e-05  7.11e-06  1.23e-06  2.09e-07   3.5e-08  5.84e-09  9.73e-10  1.62e-10   2.7e-11  4.51e-12  7.51e-13  1.25e-13  2.09e-14  3.48e-15   5.8e-16  9.66e-17  1.61e-17  2.68e-18  4.47e-19  7.45e-20  1.24e-20  2.07e-21  3.39e-22   5.2e-23  5.73e-24         0 
     0.0205  0.000938  0.000266  6.07e-05   1.2e-05  2.18e-06  3.78e-07  6.41e-08  1.07e-08  1.79e-09  2.99e-10  4.98e-11  8.31e-12  1.38e-12  2.31e-13  3.85e-14  6.41e-15  1.07e-15  1.78e-16  2.97e-17  4.94e-18  8.24e-19  1.37e-19  2.29e-20  3.81e-21  6.34e-22  1.04e-22   1.6e-23  1.76e-24         0 
    0.00599  0.000274  7.76e-05  1.77e-05  3.51e-06  6.37e-07   1.1e-07  1.87e-08  3.13e-09  5.23e-10  8.72e-11  1.45e-11  2.42e-12  4.04e-13  6.73e-14  1.12e-14  1.87e-15  3.12e-16  5.19e-17  8.66e-18  1.44e-18  2.41e-19  4.01e-20  6.68e-21  1.11e-21  1.85e-22  3.04e-23  4.66e-24  5.13e-25         0 
    0.00165  7.54e-05  2.14e-05  4.87e-06  9.65e-07  1.75e-07  3.04e-08  5.15e-09  8.62e-10  1.44e-10   2.4e-11     4e-12  6.67e-13  1.11e-13  1.85e-14  3.09e-15  5.15e-16  8.58e-17  1.43e-17  2.38e-18  3.97e-19  6.62e-20   1.1e-20  1.84e-21  3.06e-22   5.1e-23  8.37e-24  1.28e-24  1.41e-25         0 
   0.000427  1.95e-05  5.53e-06  1.26e-06   2.5e-07  4.54e-08  7.86e-09  1.33e-09  2.23e-10  3.73e-11  6.21e-12  1.04e-12  1.73e-13  2.88e-14   4.8e-15  7.99e-16  1.33e-16  2.22e-17   3.7e-18  6.17e-19  1.03e-19  1.71e-20  2.86e-21  4.76e-22  7.93e-23  1.32e-23  2.17e-24  3.32e-25  3.66e-26         0 
   0.000104  4.74e-06  1.35e-06  3.07e-07  6.08e-08   1.1e-08  1.91e-09  3.24e-10  5.43e-11  9.07e-12  1.51e-12  2.52e-13   4.2e-14     7e-15  1.17e-15  1.94e-16  3.24e-17   5.4e-18     9e-19   1.5e-19   2.5e-20  4.17e-21  6.95e-22  1.16e-22  1.93e-23  3.21e-24  5.27e-25  8.08e-26   8.9e-27         0 
   2.38e-05  1.09e-06  3.08e-07  7.03e-08  1.39e-08  2.53e-09  4.39e-10  7.43e-11  1.24e-11  2.08e-12  3.47e-13  5.78e-14  9.63e-15   1.6e-15  2.67e-16  4.46e-17  7.43e-18  1.24e-18  2.06e-19  3.44e-20  5.73e-21  9.55e-22  1.59e-22  2.65e-23  4.42e-24  7.36e-25  1.21e-25  1.85e-26  2.04e-27         0 
   5.15e-06  2.36e-07  6.69e-08  1.53e-08  3.02e-09  5.49e-10  9.51e-11  1.61e-11   2.7e-12  4.51e-13  7.51e-14  1.25e-14  2.09e-15  3.48e-16   5.8e-17  9.67e-18  1.61e-18  2.68e-19  4.47e-20  7.46e-21  1.24e-21  2.07e-22  3.45e-23  5.75e-24  9.59e-25  1.59e-25  2.62e-26  4.01e-27  4.42e-28         0 
   1.06e-06  4.86e-08  1.38e-08  3.14e-09  6.22e-10  1.13e-10  1.96e-11  3.32e-12  5.56e-13  9.29e-14  1.55e-14  2.58e-15   4.3e-16  7.17e-17   1.2e-17  1.99e-18  3.32e-19  5.53e-20  9.22e-21  1.54e-21  2.56e-22  4.27e-23  7.12e-24  1.19e-24  1.98e-25  3.29e-26   5.4e-27  8.28e-28  9.12e-29         0 
   2.09e-07  9.57e-09  2.72e-09  6.19e-10  1.23e-10  2.23e-11  3.86e-12  6.54e-13   1.1e-13  1.83e-14  3.05e-15  5.09e-16  8.48e-17  1.41e-17  2.36e-18  3.93e-19  6.54e-20  1.09e-20  1.82e-21  3.03e-22  5.05e-23  8.41e-24   1.4e-24  2.34e-25  3.89e-26  6.48e-27  1.06e-27  1.63e-28   1.8e-29         0 
   3.96e-08  1.81e-09  5.15e-10  1.17e-10  2.32e-11  4.22e-12  7.32e-13  1.24e-13  2.08e-14  3.47e-15  5.79e-16  9.64e-17  1.61e-17  2.68e-18  4.46e-19  7.44e-20  1.24e-20  2.07e-21  3.45e-22  5.74e-23  9.57e-24  1.59e-24  2.66e-25  4.43e-26  7.38e-27  1.23e-27  2.02e-28  3.09e-29  3.41e-30         0 
   7.26e-09  3.33e-10  9.44e-11  2.15e-11  4.26e-12  7.75e-13  1.34e-13  2.27e-14  3.81e-15  6.36e-16  1.06e-16  1.77e-17  2.95e-18  4.91e-19  8.19e-20  1.37e-20  2.28e-21  3.79e-22  6.32e-23  1.05e-23  1.76e-24  2.93e-25  4.88e-26  8.13e-27  1.35e-27  2.25e-28   3.7e-29  5.67e-30  6.25e-31         0 
    1.3e-09  5.94e-11  1.69e-11  3.85e-12  7.62e-13  1.38e-13   2.4e-14  4.06e-15  6.81e-16  1.14e-16   1.9e-17  3.16e-18  5.27e-19  8.78e-20  1.46e-20  2.44e-21  4.06e-22  6.77e-23  1.13e-23  1.88e-24  3.14e-25  5.23e-26  8.71e-27  1.45e-27  2.42e-28  4.02e-29  6.61e-30  1.01e-30  1.12e-31         0 
   2.27e-10  1.04e-11  2.95e-12  6.73e-13  1.33e-13  2.42e-14   4.2e-15   7.1e-16  1.19e-16  1.99e-17  3.32e-18  5.53e-19  9.21e-20  1.54e-20  2.56e-21  4.26e-22  7.11e-23  1.18e-23  1.97e-24  3.29e-25  5.48e-26  9.14e-27  1.52e-27  2.54e-28  4.23e-29  7.04e-30  1.16e-30  1.77e-31  1.95e-32         0 
    3.9e-11  1.79e-12  5.08e-13  1.16e-13  2.29e-14  4.17e-15  7.22e-16  1.22e-16  2.05e-17  3.42e-18  5.71e-19  9.51e-20  1.59e-20  2.64e-21   4.4e-22  7.34e-23  1.22e-23  2.04e-24   3.4e-25  5.66e-26  9.44e-27  1.57e-27  2.62e-28  4.37e-29  7.28e-30  1.21e-30  1.99e-31  3.05e-32  3.36e-33         0 
   6.64e-12  3.05e-13  8.64e-14  1.97e-14   3.9e-15  7.09e-16  1.23e-16  2.08e-17  3.49e-18  5.82e-19  9.71e-20  1.62e-20   2.7e-21   4.5e-22   7.5e-23  1.25e-23  2.08e-24  3.47e-25  5.78e-26  9.64e-27  1.61e-27  2.68e-28  4.46e-29  7.44e-30  1.24e-30  2.06e-31  3.39e-32  5.19e-33  5.72e-34         0 
   1.12e-12  5.14e-14  1.46e-14  3.33e-15  6.59e-16   1.2e-16  2.08e-17  3.51e-18  5.89e-19  9.83e-20  1.64e-20  2.73e-21  4.56e-22  7.59e-23  1.27e-23  2.11e-24  3.52e-25  5.86e-26  9.77e-27  1.63e-27  2.71e-28  4.52e-29  7.54e-30  1.26e-30  2.09e-31  3.48e-32  5.72e-33  8.76e-34  9.66e-35         0 
   1.88e-13  8.64e-15  2.45e-15  5.59e-16  1.11e-16  2.01e-17  3.49e-18   5.9e-19  9.89e-20  1.65e-20  2.75e-21  4.59e-22  7.65e-23  1.28e-23  2.13e-24  3.54e-25   5.9e-26  9.84e-27  1.64e-27  2.73e-28  4.56e-29  7.59e-30  1.27e-30  2.11e-31  3.51e-32  5.85e-33  9.61e-34  1.47e-34  1.62e-35         0 
   3.15e-14  1.45e-15   4.1e-16  9.36e-17  1.85e-17  3.37e-18  5.83e-19  9.88e-20  1.66e-20  2.76e-21  4.61e-22  7.68e-23  1.28e-23  2.13e-24  3.56e-25  5.93e-26  9.88e-27  1.65e-27  2.75e-28  4.58e-29  7.63e-30  1.27e-30  2.12e-31  3.53e-32  5.88e-33  9.78e-34  1.61e-34  2.46e-35  2.72e-36         0 
   5.26e-15  2.41e-16  6.85e-17  1.56e-17  3.09e-18  5.62e-19  9.75e-20  1.65e-20  2.77e-21  4.62e-22   7.7e-23  1.28e-23  2.14e-24  3.57e-25  5.94e-26  9.91e-27  1.65e-27  2.75e-28  4.59e-29  7.64e-30  1.27e-30  2.12e-31  3.54e-32   5.9e-33  9.83e-34  1.63e-34  2.69e-35  4.12e-36  4.54e-37         0 
   8.78e-16  4.03e-17  1.14e-17  2.61e-18  5.16e-19  9.38e-20  1.63e-20  2.75e-21  4.62e-22  7.71e-23  1.29e-23  2.14e-24  3.57e-25  5.95e-26  9.92e-27  1.65e-27  2.76e-28  4.59e-29  7.65e-30  1.28e-30  2.13e-31  3.54e-32  5.91e-33  9.84e-34  1.64e-34  2.73e-35  4.48e-36  6.87e-37  7.57e-38         0 
   1.46e-16  6.72e-18  1.91e-18  4.35e-19  8.61e-20  1.57e-20  2.71e-21  4.59e-22   7.7e-23  1.29e-23  2.14e-24  3.57e-25  5.95e-26  9.92e-27  1.65e-27  2.76e-28  4.59e-29  7.66e-30  1.28e-30  2.13e-31  3.55e-32  5.91e-33  9.85e-34  1.64e-34  2.73e-35  4.55e-36  7.47e-37  1.15e-37  1.26e-38         0 
   2.44e-17  1.12e-18  3.18e-19  7.25e-20  1.44e-20  2.61e-21  4.52e-22  7.66e-23  1.28e-23  2.14e-24  3.57e-25  5.96e-26  9.93e-27  1.65e-27  2.76e-28   4.6e-29  7.66e-30  1.28e-30  2.13e-31  3.55e-32  5.91e-33  9.85e-34  1.64e-34  2.74e-35  4.56e-36  7.58e-37  1.25e-37  1.91e-38   2.1e-39         0 
   4.07e-18  1.87e-19   5.3e-20  1.21e-20  2.39e-21  4.35e-22  7.54e-23  1.28e-23  2.14e-24  3.57e-25  5.96e-26  9.93e-27  1.65e-27  2.76e-28   4.6e-29  7.66e-30  1.28e-30  2.13e-31  3.55e-32  5.91e-33  9.85e-34  1.64e-34  2.74e-35  4.56e-36   7.6e-37  1.26e-37  2.08e-38  3.18e-39  3.51e-40         0 
   6.78e-19  3.11e-20  8.83e-21  2.01e-21  3.99e-22  7.24e-23  1.26e-23  2.13e-24  3.56e-25  5.95e-26  9.92e-27  1.65e-27  2.76e-28  4.59e-29  7.66e-30  1.28e-30  2.13e-31  3.55e-32  5.91e-33  9.85e-34  1.64e-34  2.74e-35  4.56e-36   7.6e-37  1.27e-37  2.11e-38  3.46e-39   5.3e-40  5.84e-41         0 
   1.12e-19  5.15e-21  1.46e-21  3.33e-22   6.6e-23   1.2e-23  2.08e-24  3.52e-25   5.9e-26  9.85e-27  1.64e-27  2.74e-28  4.57e-29  7.61e-30  1.27e-30  2.11e-31  3.52e-32  5.87e-33  9.78e-34  1.63e-34  2.72e-35  4.53e-36  7.55e-37  1.26e-37   2.1e-38  3.49e-39  5.73e-40  8.78e-41  9.68e-42         0 
   1.73e-20  7.93e-22  2.25e-22  5.13e-23  1.02e-23  1.85e-24   3.2e-25  5.42e-26  9.08e-27  1.52e-27  2.53e-28  4.21e-29  7.02e-30  1.17e-30  1.95e-31  3.25e-32  5.42e-33  9.03e-34  1.51e-34  2.51e-35  4.18e-36  6.97e-37  1.16e-37  1.94e-38  3.23e-39  5.37e-40  8.82e-41  1.35e-41  1.49e-42         0 
          0         0         0         0         0         0         0         0         0         0         0         0         0         0         0         0         0         0         0         0         0         0         0         0         0         0         0         0         0         0 


Матрица вероятностей "Матрица вероятностей на последней итерации 1 шага":

      0.694     0.115    0.0192    0.0032  0.000533  8.87e-05  1.48e-05  2.46e-06  4.11e-07  6.84e-08  1.14e-08   1.9e-09  3.17e-10  5.28e-11   8.8e-12  1.47e-12  2.44e-13  4.07e-14  6.79e-15  1.13e-15  1.89e-16  3.14e-17  5.24e-18  8.73e-19  1.45e-19  2.42e-20  4.02e-21  6.55e-22  9.34e-23         0 
      0.116    0.0193   0.00321  0.000534   8.9e-05  1.48e-05  2.47e-06  4.12e-07  6.87e-08  1.14e-08  1.91e-09  3.18e-10   5.3e-11  8.83e-12  1.47e-12  2.45e-13  4.09e-14  6.81e-15  1.14e-15  1.89e-16  3.15e-17  5.26e-18  8.76e-19  1.46e-19  2.43e-20  4.05e-21  6.73e-22  1.09e-22  1.56e-23         0 
     0.0196   0.00324  0.000539  8.97e-05   1.5e-05  2.49e-06  4.16e-07  6.94e-08  1.16e-08  1.93e-09  3.21e-10  5.36e-11  8.93e-12  1.49e-12  2.48e-13  4.13e-14  6.89e-15  1.15e-15  1.91e-16  3.19e-17  5.31e-18  8.86e-19  1.48e-19  2.46e-20   4.1e-21  6.83e-22  1.13e-22  1.84e-23  2.63e-24         0 
    0.00334   0.00055  9.13e-05  1.52e-05  2.54e-06  4.23e-07  7.07e-08  1.18e-08  1.97e-09  3.28e-10  5.47e-11  9.12e-12  1.52e-12  2.53e-13  4.22e-14  7.04e-15  1.17e-15  1.96e-16  3.26e-17  5.43e-18  9.05e-19  1.51e-19  2.51e-20  4.19e-21  6.98e-22  1.16e-22  1.93e-23  3.14e-24  4.47e-25         0 
   0.000579  9.48e-05  1.57e-05  2.61e-06  4.36e-07  7.29e-08  1.22e-08  2.04e-09   3.4e-10  5.67e-11  9.47e-12  1.58e-12  2.63e-13  4.39e-14  7.32e-15  1.22e-15  2.03e-16  3.39e-17  5.65e-18  9.41e-19  1.57e-19  2.61e-20  4.36e-21  7.26e-22  1.21e-22  2.02e-23  3.34e-24  5.43e-25  7.72e-26         0 
   0.000103  1.67e-05  2.74e-06  4.56e-07  7.64e-08  1.28e-08  2.15e-09  3.59e-10  6.01e-11     1e-11  1.68e-12   2.8e-13  4.66e-14  7.78e-15   1.3e-15  2.16e-16   3.6e-17  6.01e-18     1e-18  1.67e-19  2.78e-20  4.64e-21  7.73e-22  1.29e-22  2.15e-23  3.57e-24  5.93e-25  9.62e-26  1.36e-26         0 
   1.88e-05  3.01e-06  4.92e-07  8.17e-08  1.37e-08   2.3e-09  3.87e-10   6.5e-11  1.09e-11  1.82e-12  3.04e-13  5.08e-14  8.49e-15  1.42e-15  2.36e-16  3.94e-17  6.57e-18  1.09e-18  1.82e-19  3.04e-20  5.07e-21  8.45e-22  1.41e-22  2.35e-23  3.91e-24  6.51e-25  1.08e-25  1.75e-26  2.47e-27         0 
   3.53e-06  5.57e-07  9.05e-08   1.5e-08  2.52e-09  4.25e-10  7.16e-11  1.21e-11  2.02e-12  3.39e-13  5.68e-14  9.49e-15  1.59e-15  2.65e-16  4.42e-17  7.37e-18  1.23e-18  2.05e-19  3.42e-20   5.7e-21   9.5e-22  1.58e-22  2.64e-23   4.4e-24  7.33e-25  1.22e-25  2.02e-26  3.27e-27   4.6e-28         0 
   6.77e-07  1.06e-07   1.7e-08  2.82e-09  4.74e-10  8.02e-11  1.36e-11  2.29e-12  3.85e-13  6.46e-14  1.08e-14  1.81e-15  3.03e-16  5.07e-17  8.46e-18  1.41e-18  2.36e-19  3.93e-20  6.55e-21  1.09e-21  1.82e-22  3.03e-23  5.06e-24  8.43e-25   1.4e-25  2.34e-26  3.88e-27  6.26e-28  8.77e-29         0 
   1.32e-07  2.04e-08  3.27e-09   5.4e-10  9.08e-11  1.54e-11  2.61e-12  4.41e-13  7.43e-14  1.25e-14   2.1e-15  3.52e-16  5.89e-17  9.84e-18  1.64e-18  2.75e-19  4.58e-20  7.64e-21  1.28e-21  2.13e-22  3.55e-23  5.91e-24  9.85e-25  1.64e-25  2.74e-26  4.56e-27  7.55e-28  1.22e-28   1.7e-29         0 
   2.59e-08  3.99e-09  6.36e-10  1.05e-10  1.76e-11  2.98e-12  5.05e-13  8.55e-14  1.44e-14  2.43e-15  4.09e-16  6.87e-17  1.15e-17  1.93e-18  3.22e-19  5.38e-20  8.98e-21   1.5e-21   2.5e-22  4.17e-23  6.95e-24  1.16e-24  1.93e-25  3.22e-26  5.37e-27  8.94e-28  1.48e-28  2.39e-29  3.33e-30         0 
   5.09e-09   7.8e-10  1.24e-10  2.04e-11  3.41e-12  5.78e-13  9.81e-14  1.66e-14  2.81e-15  4.74e-16  7.98e-17  1.34e-17  2.25e-18  3.76e-19  6.29e-20  1.05e-20  1.76e-21  2.93e-22   4.9e-23  8.17e-24  1.36e-24  2.27e-25  3.79e-26  6.32e-27  1.05e-27  1.75e-28   2.9e-29  4.68e-30  6.52e-31         0 
   9.92e-10  1.52e-10  2.41e-11  3.95e-12  6.62e-13  1.12e-13   1.9e-14  3.22e-15  5.44e-16  9.18e-17  1.55e-17   2.6e-18  4.36e-19  7.31e-20  1.22e-20  2.05e-21  3.42e-22  5.71e-23  9.54e-24  1.59e-24  2.65e-25  4.43e-26  7.38e-27  1.23e-27  2.05e-28  3.42e-29  5.66e-30  9.12e-31  1.27e-31         0 
   1.91e-10  2.94e-11  4.67e-12  7.64e-13  1.28e-13  2.15e-14  3.64e-15  6.17e-16  1.04e-16  1.76e-17  2.97e-18  4.99e-19  8.39e-20  1.41e-20  2.36e-21  3.94e-22  6.59e-23   1.1e-23  1.84e-24  3.07e-25  5.12e-26  8.55e-27  1.43e-27  2.38e-28  3.96e-29   6.6e-30  1.09e-30  1.76e-31  2.46e-32         0 
   3.66e-11  5.64e-12  8.95e-13  1.46e-13  2.44e-14   4.1e-15  6.94e-16  1.17e-16  1.98e-17  3.35e-18  5.64e-19   9.5e-20   1.6e-20  2.68e-21  4.49e-22  7.51e-23  1.26e-23   2.1e-24  3.51e-25  5.86e-26  9.78e-27  1.63e-27  2.72e-28  4.54e-29  7.57e-30  1.26e-30  2.09e-31  3.37e-32   4.7e-33         0 
    6.9e-12  1.07e-12   1.7e-13  2.78e-14  4.62e-15  7.75e-16  1.31e-16  2.21e-17  3.73e-18   6.3e-19  1.06e-19  1.79e-20     3e-21  5.04e-22  8.44e-23  1.41e-23  2.37e-24  3.96e-25  6.62e-26  1.11e-26  1.85e-27  3.08e-28  5.14e-29  8.57e-30  1.43e-30  2.38e-31  3.94e-32  6.37e-33  8.89e-34         0 
   1.29e-12  2.01e-13   3.2e-14  5.22e-15  8.66e-16  1.45e-16  2.44e-17  4.12e-18  6.96e-19  1.17e-19  1.97e-20  3.32e-21  5.58e-22  9.38e-23  1.57e-23  2.64e-24  4.41e-25  7.38e-26  1.23e-26  2.06e-27  3.44e-28  5.75e-29   9.6e-30   1.6e-30  2.67e-31  4.45e-32  7.37e-33  1.19e-33  1.67e-34         0 
   2.38e-13  3.73e-14  5.96e-15  9.72e-16  1.61e-16   2.7e-17  4.53e-18  7.63e-19  1.28e-19  2.16e-20  3.64e-21  6.13e-22  1.03e-22  1.73e-23   2.9e-24  4.86e-25  8.14e-26  1.36e-26  2.28e-27  3.81e-28  6.36e-29  1.06e-29  1.77e-30  2.96e-31  4.94e-32  8.23e-33  1.36e-33   2.2e-34  3.09e-35         0 
   4.37e-14  6.86e-15   1.1e-15  1.79e-16  2.97e-17  4.96e-18  8.33e-19   1.4e-19  2.35e-20  3.96e-21  6.66e-22  1.12e-22  1.88e-23  3.16e-24   5.3e-25  8.89e-26  1.49e-26  2.49e-27  4.17e-28  6.97e-29  1.16e-29  1.95e-30  3.25e-31  5.42e-32  9.05e-33  1.51e-33   2.5e-34  4.04e-35  5.67e-36         0 
   7.94e-15  1.25e-15  2.01e-16  3.29e-17  5.44e-18  9.07e-19  1.52e-19  2.55e-20  4.28e-21   7.2e-22  1.21e-22  2.03e-23  3.41e-24  5.73e-25  9.61e-26  1.61e-26   2.7e-27  4.52e-28  7.57e-29  1.27e-29  2.12e-30  3.54e-31  5.91e-32  9.86e-33  1.65e-33  2.74e-34  4.55e-35  7.36e-36  1.03e-36         0 
   1.43e-15  2.27e-16  3.66e-17  5.98e-18  9.89e-19  1.65e-19  2.76e-20  4.62e-21  7.75e-22   1.3e-22  2.18e-23  3.67e-24  6.16e-25  1.03e-25  1.73e-26   2.9e-27  4.87e-28  8.15e-29  1.36e-29  2.28e-30  3.82e-31  6.38e-32  1.07e-32  1.78e-33  2.97e-34  4.95e-35  8.22e-36  1.33e-36  1.87e-37         0 
   2.58e-16  4.09e-17  6.61e-18  1.08e-18  1.79e-19  2.98e-20  4.97e-21  8.32e-22  1.39e-22  2.34e-23  3.92e-24  6.58e-25   1.1e-25  1.85e-26   3.1e-27   5.2e-28  8.72e-29  1.46e-29  2.44e-30  4.09e-31  6.84e-32  1.14e-32  1.91e-33  3.19e-34  5.33e-35  8.89e-36  1.48e-36  2.39e-37  3.37e-38         0 
    4.6e-17  7.34e-18  1.19e-18  1.94e-19  3.21e-20  5.35e-21  8.92e-22  1.49e-22   2.5e-23  4.18e-24  7.01e-25  1.18e-25  1.97e-26   3.3e-27  5.54e-28  9.28e-29  1.55e-29   2.6e-30  4.36e-31  7.29e-32  1.22e-32  2.04e-33  3.41e-34   5.7e-35  9.51e-36  1.59e-36  2.63e-37  4.27e-38  6.02e-39         0 
   8.19e-18  1.31e-18  2.12e-19  3.47e-20  5.75e-21  9.56e-22  1.59e-22  2.66e-23  4.45e-24  7.45e-25  1.25e-25  2.09e-26   3.5e-27  5.87e-28  9.83e-29  1.65e-29  2.76e-30  4.62e-31  7.74e-32  1.29e-32  2.17e-33  3.62e-34  6.06e-35  1.01e-35  1.69e-36  2.82e-37  4.68e-38  7.59e-39  1.07e-39         0 
   1.45e-18  2.32e-19  3.77e-20  6.19e-21  1.02e-21   1.7e-22  2.84e-23  4.74e-24  7.91e-25  1.32e-25  2.21e-26  3.71e-27   6.2e-28  1.04e-28  1.74e-29  2.91e-30  4.88e-31  8.17e-32  1.37e-32  2.29e-33  3.83e-34   6.4e-35  1.07e-35  1.79e-36  2.99e-37  4.99e-38  8.29e-39  1.34e-39   1.9e-40         0 
   2.56e-19  4.11e-20  6.67e-21   1.1e-21  1.81e-22  3.02e-23  5.02e-24  8.38e-25   1.4e-25  2.34e-26  3.91e-27  6.54e-28  1.09e-28  1.83e-29  3.07e-30  5.13e-31  8.59e-32  1.44e-32  2.41e-33  4.03e-34  6.74e-35  1.13e-35  1.89e-36  3.15e-37  5.27e-38  8.79e-39  1.46e-39  2.37e-40  3.35e-41         0 
   4.48e-20  7.21e-21  1.17e-21  1.93e-22  3.19e-23   5.3e-24  8.84e-25  1.47e-25  2.46e-26  4.11e-27  6.87e-28  1.15e-28  1.92e-29  3.21e-30  5.37e-31  8.99e-32   1.5e-32  2.52e-33  4.21e-34  7.05e-35  1.18e-35  1.97e-36   3.3e-37  5.51e-38  9.21e-39  1.54e-39  2.56e-40  4.15e-41  5.87e-42         0 
   7.66e-21  1.23e-21  2.01e-22   3.3e-23  5.47e-24   9.1e-25  1.52e-25  2.53e-26  4.22e-27  7.04e-28  1.18e-28  1.96e-29  3.28e-30  5.49e-31  9.18e-32  1.54e-32  2.57e-33   4.3e-34  7.19e-35   1.2e-35  2.01e-36  3.37e-37  5.63e-38  9.41e-39  1.57e-39  2.62e-40  4.36e-41  7.08e-42     1e-42         0 
   1.14e-21  1.83e-22  2.99e-23  4.92e-24  8.14e-25  1.35e-25  2.26e-26  3.76e-27  6.28e-28  1.05e-28  1.75e-29  2.92e-30  4.88e-31  8.16e-32  1.36e-32  2.28e-33  3.81e-34  6.38e-35  1.07e-35  1.78e-36  2.99e-37  4.99e-38  8.35e-39   1.4e-39  2.33e-40  3.89e-41  6.47e-42  1.05e-42  1.49e-43         0 
          0         0         0         0         0         0         0         0         0         0         0         0         0         0         0         0         0         0         0         0         0         0         0         0         0         0         0         0         0         0 


Матрица вероятностей "Матрица вероятностей на последней итерации 2 шага":

      0.546     0.216    0.0561    0.0118    0.0022  0.000386  6.58e-05   1.1e-05  1.85e-06  3.08e-07  5.13e-08  8.55e-09  1.43e-09  2.38e-10  3.96e-11   6.6e-12   1.1e-12  1.83e-13  3.06e-14  5.09e-15  8.49e-16  1.41e-16  2.36e-17  3.93e-18  6.55e-19  1.09e-19  1.82e-20  3.01e-21  4.87e-22         0 
     0.0911    0.0361   0.00935   0.00196  0.000367  6.44e-05   1.1e-05  1.84e-06  3.08e-07  5.13e-08  8.55e-09  1.43e-09  2.38e-10  3.96e-11   6.6e-12   1.1e-12  1.83e-13  3.06e-14  5.09e-15  8.49e-16  1.41e-16  2.36e-17  3.93e-18  6.55e-19  1.09e-19  1.82e-20  3.03e-21  5.02e-22  8.11e-23         0 
     0.0152   0.00601   0.00156  0.000327  6.11e-05  1.07e-05  1.83e-06  3.07e-07  5.13e-08  8.55e-09  1.43e-09  2.38e-10  3.96e-11   6.6e-12   1.1e-12  1.83e-13  3.06e-14  5.09e-15  8.49e-16  1.41e-16  2.36e-17  3.93e-18  6.55e-19  1.09e-19  1.82e-20  3.03e-21  5.05e-22  8.37e-23  1.35e-23         0 
    0.00253     0.001   0.00026  5.45e-05  1.02e-05  1.79e-06  3.05e-07  5.11e-08  8.55e-09  1.43e-09  2.38e-10  3.96e-11   6.6e-12   1.1e-12  1.83e-13  3.06e-14  5.09e-15  8.49e-16  1.41e-16  2.36e-17  3.93e-18  6.55e-19  1.09e-19  1.82e-20  3.03e-21  5.05e-22  8.41e-23   1.4e-23  2.25e-24         0 
   0.000422  0.000167  4.33e-05  9.09e-06   1.7e-06  2.98e-07  5.08e-08  8.52e-09  1.42e-09  2.38e-10  3.96e-11   6.6e-12   1.1e-12  1.83e-13  3.06e-14  5.09e-15  8.49e-16  1.41e-16  2.36e-17  3.93e-18  6.55e-19  1.09e-19  1.82e-20  3.03e-21  5.05e-22  8.42e-23   1.4e-23  2.33e-24  3.75e-25         0 
   7.03e-05  2.78e-05  7.21e-06  1.51e-06  2.83e-07  4.97e-08  8.46e-09  1.42e-09  2.37e-10  3.96e-11   6.6e-12   1.1e-12  1.83e-13  3.06e-14  5.09e-15  8.49e-16  1.41e-16  2.36e-17  3.93e-18  6.55e-19  1.09e-19  1.82e-20  3.03e-21  5.05e-22  8.42e-23   1.4e-23  2.34e-24  3.88e-25  6.26e-26         0 
   1.17e-05  4.64e-06   1.2e-06  2.52e-07  4.72e-08  8.28e-09  1.41e-09  2.37e-10  3.96e-11   6.6e-12   1.1e-12  1.83e-13  3.06e-14  5.09e-15  8.49e-16  1.41e-16  2.36e-17  3.93e-18  6.55e-19  1.09e-19  1.82e-20  3.03e-21  5.05e-22  8.42e-23   1.4e-23  2.34e-24   3.9e-25  6.46e-26  1.04e-26         0 
   1.95e-06  7.73e-07     2e-07  4.21e-08  7.86e-09  1.38e-09  2.35e-10  3.95e-11  6.59e-12   1.1e-12  1.83e-13  3.06e-14  5.09e-15  8.49e-16  1.41e-16  2.36e-17  3.93e-18  6.55e-19  1.09e-19  1.82e-20  3.03e-21  5.05e-22  8.42e-23   1.4e-23  2.34e-24   3.9e-25  6.49e-26  1.08e-26  1.74e-27         0 
   3.25e-07  1.29e-07  3.34e-08  7.01e-09  1.31e-09   2.3e-10  3.92e-11  6.58e-12   1.1e-12  1.83e-13  3.06e-14  5.09e-15  8.49e-16  1.41e-16  2.36e-17  3.93e-18  6.55e-19  1.09e-19  1.82e-20  3.03e-21  5.05e-22  8.42e-23   1.4e-23  2.34e-24   3.9e-25   6.5e-26  1.08e-26  1.79e-27   2.9e-28         0 
   5.42e-08  2.15e-08  5.56e-09  1.17e-09  2.18e-10  3.83e-11  6.53e-12   1.1e-12  1.83e-13  3.05e-14  5.09e-15  8.49e-16  1.41e-16  2.36e-17  3.93e-18  6.55e-19  1.09e-19  1.82e-20  3.03e-21  5.05e-22  8.42e-23   1.4e-23  2.34e-24   3.9e-25   6.5e-26  1.08e-26   1.8e-27  2.99e-28  4.83e-29         0 
   9.04e-09  3.58e-09  9.27e-10  1.95e-10  3.64e-11  6.39e-12  1.09e-12  1.83e-13  3.05e-14  5.09e-15  8.49e-16  1.41e-16  2.36e-17  3.93e-18  6.55e-19  1.09e-19  1.82e-20  3.03e-21  5.05e-22  8.42e-23   1.4e-23  2.34e-24   3.9e-25   6.5e-26  1.08e-26   1.8e-27  3.01e-28  4.98e-29  8.05e-30         0 
   1.51e-09  5.97e-10  1.55e-10  3.25e-11  6.07e-12  1.07e-12  1.81e-13  3.04e-14  5.09e-15  8.49e-16  1.41e-16  2.36e-17  3.93e-18  6.55e-19  1.09e-19  1.82e-20  3.03e-21  5.05e-22  8.42e-23   1.4e-23  2.34e-24   3.9e-25   6.5e-26  1.08e-26  1.81e-27  3.01e-28  5.01e-29  8.31e-30  1.34e-30         0 
   2.51e-10  9.95e-11  2.58e-11  5.41e-12  1.01e-12  1.78e-13  3.02e-14  5.07e-15  8.48e-16  1.41e-16  2.36e-17  3.93e-18  6.55e-19  1.09e-19  1.82e-20  3.03e-21  5.05e-22  8.42e-23   1.4e-23  2.34e-24   3.9e-25   6.5e-26  1.08e-26  1.81e-27  3.01e-28  5.01e-29  8.35e-30  1.38e-30  2.24e-31         0 
   4.18e-11  1.66e-11  4.29e-12  9.02e-13  1.69e-13  2.96e-14  5.04e-15  8.46e-16  1.41e-16  2.36e-17  3.93e-18  6.55e-19  1.09e-19  1.82e-20  3.03e-21  5.05e-22  8.42e-23   1.4e-23  2.34e-24   3.9e-25   6.5e-26  1.08e-26  1.81e-27  3.01e-28  5.01e-29  8.36e-30  1.39e-30  2.31e-31  3.73e-32         0 
   6.97e-12  2.76e-12  7.16e-13   1.5e-13  2.81e-14  4.93e-15  8.39e-16  1.41e-16  2.36e-17  3.93e-18  6.55e-19  1.09e-19  1.82e-20  3.03e-21  5.05e-22  8.42e-23   1.4e-23  2.34e-24   3.9e-25   6.5e-26  1.08e-26  1.81e-27  3.01e-28  5.01e-29  8.36e-30  1.39e-30  2.32e-31  3.85e-32  6.21e-33         0 
   1.16e-12   4.6e-13  1.19e-13   2.5e-14  4.68e-15  8.22e-16   1.4e-16  2.35e-17  3.93e-18  6.55e-19  1.09e-19  1.82e-20  3.03e-21  5.05e-22  8.42e-23   1.4e-23  2.34e-24   3.9e-25   6.5e-26  1.08e-26  1.81e-27  3.01e-28  5.01e-29  8.36e-30  1.39e-30  2.32e-31  3.87e-32  6.41e-33  1.03e-33         0 
   1.94e-13  7.67e-14  1.99e-14  4.17e-15   7.8e-16  1.37e-16  2.33e-17  3.92e-18  6.54e-19  1.09e-19  1.82e-20  3.03e-21  5.05e-22  8.42e-23   1.4e-23  2.34e-24   3.9e-25   6.5e-26  1.08e-26  1.81e-27  3.01e-28  5.01e-29  8.36e-30  1.39e-30  2.32e-31  3.87e-32  6.44e-33  1.07e-33  1.72e-34         0 
   3.23e-14  1.28e-14  3.31e-15  6.96e-16   1.3e-16  2.28e-17  3.89e-18  6.53e-19  1.09e-19  1.82e-20  3.03e-21  5.05e-22  8.42e-23   1.4e-23  2.34e-24   3.9e-25   6.5e-26  1.08e-26  1.81e-27  3.01e-28  5.01e-29  8.36e-30  1.39e-30  2.32e-31  3.87e-32  6.45e-33  1.07e-33  1.78e-34  2.87e-35         0 
   5.38e-15  2.13e-15  5.52e-16  1.16e-16  2.17e-17   3.8e-18  6.48e-19  1.09e-19  1.82e-20  3.03e-21  5.05e-22  8.42e-23   1.4e-23  2.34e-24   3.9e-25   6.5e-26  1.08e-26  1.81e-27  3.01e-28  5.01e-29  8.36e-30  1.39e-30  2.32e-31  3.87e-32  6.45e-33  1.07e-33  1.79e-34  2.97e-35  4.79e-36         0 
   8.97e-16  3.55e-16   9.2e-17  1.93e-17  3.61e-18  6.34e-19  1.08e-19  1.81e-20  3.03e-21  5.05e-22  8.42e-23   1.4e-23  2.34e-24   3.9e-25   6.5e-26  1.08e-26  1.81e-27  3.01e-28  5.01e-29  8.36e-30  1.39e-30  2.32e-31  3.87e-32  6.45e-33  1.07e-33  1.79e-34  2.98e-35  4.95e-36  7.98e-37         0 
   1.49e-16  5.92e-17  1.53e-17  3.22e-18  6.02e-19  1.06e-19   1.8e-20  3.02e-21  5.05e-22  8.42e-23   1.4e-23  2.34e-24   3.9e-25   6.5e-26  1.08e-26  1.81e-27  3.01e-28  5.01e-29  8.36e-30  1.39e-30  2.32e-31  3.87e-32  6.45e-33  1.07e-33  1.79e-34  2.99e-35  4.97e-36  8.24e-37  1.33e-37         0 
   2.49e-17  9.87e-18  2.56e-18  5.37e-19     1e-19  1.76e-20     3e-21  5.04e-22  8.41e-23   1.4e-23  2.34e-24   3.9e-25   6.5e-26  1.08e-26  1.81e-27  3.01e-28  5.01e-29  8.36e-30  1.39e-30  2.32e-31  3.87e-32  6.45e-33  1.07e-33  1.79e-34  2.99e-35  4.98e-36  8.28e-37  1.37e-37  2.22e-38         0 
   4.15e-18  1.64e-18  4.26e-19  8.95e-20  1.67e-20  2.94e-21     5e-22  8.39e-23   1.4e-23  2.34e-24   3.9e-25   6.5e-26  1.08e-26  1.81e-27  3.01e-28  5.01e-29  8.36e-30  1.39e-30  2.32e-31  3.87e-32  6.45e-33  1.07e-33  1.79e-34  2.99e-35  4.98e-36  8.29e-37  1.38e-37  2.29e-38   3.7e-39         0 
   6.92e-19  2.74e-19   7.1e-20  1.49e-20  2.79e-21  4.89e-22  8.33e-23   1.4e-23  2.34e-24   3.9e-25   6.5e-26  1.08e-26  1.81e-27  3.01e-28  5.01e-29  8.36e-30  1.39e-30  2.32e-31  3.87e-32  6.45e-33  1.07e-33  1.79e-34  2.99e-35  4.98e-36  8.29e-37  1.38e-37   2.3e-38  3.82e-39  6.16e-40         0 
   1.15e-19  4.57e-20  1.18e-20  2.49e-21  4.64e-22  8.15e-23  1.39e-23  2.33e-24   3.9e-25   6.5e-26  1.08e-26  1.81e-27  3.01e-28  5.01e-29  8.36e-30  1.39e-30  2.32e-31  3.87e-32  6.45e-33  1.07e-33  1.79e-34  2.99e-35  4.98e-36  8.29e-37  1.38e-37   2.3e-38  3.84e-39  6.36e-40  1.03e-40         0 
   1.92e-20  7.61e-21  1.97e-21  4.14e-22  7.74e-23  1.36e-23  2.31e-24  3.88e-25  6.49e-26  1.08e-26   1.8e-27  3.01e-28  5.01e-29  8.35e-30  1.39e-30  2.32e-31  3.87e-32  6.44e-33  1.07e-33  1.79e-34  2.98e-35  4.97e-36  8.29e-37  1.38e-37   2.3e-38  3.84e-39  6.39e-40  1.06e-40  1.71e-41         0 
   3.19e-21  1.26e-21  3.27e-22  6.87e-23  1.28e-23  2.25e-24  3.84e-25  6.45e-26  1.08e-26   1.8e-27  2.99e-28  4.99e-29  8.32e-30  1.39e-30  2.31e-31  3.85e-32  6.42e-33  1.07e-33  1.78e-34  2.97e-35  4.95e-36  8.26e-37  1.38e-37  2.29e-38  3.82e-39  6.37e-40  1.06e-40  1.76e-41  2.84e-42         0 
   5.19e-22  2.06e-22  5.33e-23  1.12e-23  2.09e-24  3.67e-25  6.25e-26  1.05e-26  1.75e-27  2.92e-28  4.88e-29  8.13e-30  1.35e-30  2.26e-31  3.76e-32  6.27e-33  1.04e-33  1.74e-34   2.9e-35  4.84e-36  8.06e-37  1.34e-37  2.24e-38  3.73e-39  6.22e-40  1.04e-40  1.73e-41  2.86e-42  4.62e-43         0 
   7.41e-23  2.94e-23  7.61e-24   1.6e-24  2.99e-25  5.24e-26  8.93e-27   1.5e-27   2.5e-28  4.18e-29  6.96e-30  1.16e-30  1.93e-31  3.22e-32  5.37e-33  8.96e-34  1.49e-34  2.49e-35  4.15e-36  6.91e-37  1.15e-37  1.92e-38   3.2e-39  5.33e-40  8.89e-41  1.48e-41  2.47e-42  4.09e-43   6.6e-44         0 
          0         0         0         0         0         0         0         0         0         0         0         0         0         0         0         0         0         0         0         0         0         0         0         0         0         0         0         0         0         0 


Матрица вероятностей "Матрица вероятностей на последней итерации 3 шага":

      0.373     0.249    0.0881    0.0225   0.00471  0.000882  0.000155  2.64e-05  4.43e-06  7.41e-07  1.24e-07  2.06e-08  3.43e-09  5.72e-10  9.54e-11  1.59e-11  2.65e-12  4.42e-13  7.36e-14  1.23e-14  2.04e-15  3.41e-16  5.68e-17  9.46e-18  1.58e-18  2.63e-19  4.38e-20  7.29e-21   1.2e-21         0 
      0.101    0.0676    0.0239    0.0061   0.00128  0.000239  4.21e-05  7.17e-06   1.2e-06  2.01e-07  3.36e-08  5.59e-09  9.32e-10  1.55e-10  2.59e-11  4.32e-12  7.19e-13   1.2e-13     2e-14  3.33e-15  5.55e-16  9.25e-17  1.54e-17  2.57e-18  4.28e-19  7.14e-20  1.19e-20  1.98e-21  3.26e-22         0 
     0.0242    0.0162   0.00572   0.00146  0.000306  5.72e-05  1.01e-05  1.71e-06  2.88e-07  4.81e-08  8.02e-09  1.34e-09  2.23e-10  3.71e-11  6.19e-12  1.03e-12  1.72e-13  2.87e-14  4.78e-15  7.96e-16  1.33e-16  2.21e-17  3.68e-18  6.14e-19  1.02e-19  1.71e-20  2.84e-21  4.73e-22  7.79e-23         0 
    0.00526   0.00351   0.00124  0.000316  6.63e-05  1.24e-05  2.18e-06  3.72e-07  6.24e-08  1.04e-08  1.74e-09   2.9e-10  4.84e-11  8.06e-12  1.34e-12  2.24e-13  3.73e-14  6.22e-15  1.04e-15  1.73e-16  2.88e-17   4.8e-18     8e-19  1.33e-19  2.22e-20   3.7e-21  6.17e-22  1.03e-22  1.69e-23         0 
    0.00106  0.000705   0.00025  6.36e-05  1.33e-05   2.5e-06  4.39e-07  7.47e-08  1.26e-08   2.1e-09   3.5e-10  5.83e-11  9.72e-12  1.62e-12   2.7e-13   4.5e-14   7.5e-15  1.25e-15  2.08e-16  3.47e-17  5.79e-18  9.65e-19  1.61e-19  2.68e-20  4.47e-21  7.45e-22  1.24e-22  2.06e-23   3.4e-24         0 
     0.0002  0.000134  4.73e-05   1.2e-05  2.53e-06  4.73e-07  8.31e-08  1.42e-08  2.38e-09  3.97e-10  6.63e-11   1.1e-11  1.84e-12  3.07e-13  5.12e-14  8.53e-15  1.42e-15  2.37e-16  3.95e-17  6.58e-18   1.1e-18  1.83e-19  3.05e-20  5.08e-21  8.46e-22  1.41e-22  2.35e-23  3.91e-24  6.44e-25         0 
   3.62e-05  2.42e-05  8.56e-06  2.18e-06  4.57e-07  8.56e-08   1.5e-08  2.56e-09   4.3e-10  7.19e-11   1.2e-11     2e-12  3.33e-13  5.56e-14  9.26e-15  1.54e-15  2.57e-16  4.29e-17  7.14e-18  1.19e-18  1.98e-19  3.31e-20  5.51e-21  9.19e-22  1.53e-22  2.55e-23  4.25e-24  7.07e-25  1.17e-25         0 
   6.35e-06  4.23e-06   1.5e-06  3.82e-07  8.01e-08   1.5e-08  2.64e-09  4.49e-10  7.54e-11  1.26e-11   2.1e-12   3.5e-13  5.84e-14  9.74e-15  1.62e-15   2.7e-16  4.51e-17  7.51e-18  1.25e-18  2.09e-19  3.48e-20   5.8e-21  9.66e-22  1.61e-22  2.68e-23  4.47e-24  7.45e-25  1.24e-25  2.04e-26         0 
   1.09e-06  7.26e-07  2.57e-07  6.55e-08  1.37e-08  2.57e-09  4.52e-10   7.7e-11  1.29e-11  2.16e-12  3.61e-13  6.01e-14     1e-14  1.67e-15  2.78e-16  4.64e-17  7.73e-18  1.29e-18  2.15e-19  3.58e-20  5.96e-21  9.94e-22  1.66e-22  2.76e-23   4.6e-24  7.67e-25  1.28e-25  2.13e-26   3.5e-27         0 
   1.84e-07  1.23e-07  4.35e-08  1.11e-08  2.33e-09  4.35e-10  7.65e-11   1.3e-11  2.19e-12  3.66e-13   6.1e-14  1.02e-14   1.7e-15  2.83e-16  4.71e-17  7.85e-18  1.31e-18  2.18e-19  3.63e-20  6.06e-21  1.01e-21  1.68e-22   2.8e-23  4.67e-24  7.79e-25   1.3e-25  2.16e-26   3.6e-27  5.93e-28         0 
   3.09e-08  2.06e-08  7.31e-09  1.86e-09  3.91e-10  7.31e-11  1.28e-11  2.19e-12  3.68e-13  6.14e-14  1.02e-14  1.71e-15  2.85e-16  4.74e-17  7.91e-18  1.32e-18   2.2e-19  3.66e-20   6.1e-21  1.02e-21  1.69e-22  2.82e-23  4.71e-24  7.85e-25  1.31e-25  2.18e-26  3.63e-27  6.04e-28  9.95e-29         0 
   5.18e-09  3.45e-09  1.22e-09  3.11e-10  6.53e-11  1.22e-11  2.15e-12  3.66e-13  6.15e-14  1.03e-14  1.71e-15  2.86e-16  4.76e-17  7.93e-18  1.32e-18   2.2e-19  3.67e-20  6.12e-21  1.02e-21   1.7e-22  2.83e-23  4.72e-24  7.87e-25  1.31e-25  2.19e-26  3.64e-27  6.07e-28  1.01e-28  1.66e-29         0 
   8.64e-10  5.76e-10  2.04e-10   5.2e-11  1.09e-11  2.04e-12  3.59e-13  6.11e-14  1.03e-14  1.71e-15  2.86e-16  4.77e-17  7.95e-18  1.32e-18  2.21e-19  3.68e-20  6.13e-21  1.02e-21   1.7e-22  2.84e-23  4.73e-24  7.89e-25  1.31e-25  2.19e-26  3.65e-27  6.08e-28  1.01e-28  1.69e-29  2.78e-30         0 
   1.44e-10  9.61e-11   3.4e-11  8.67e-12  1.82e-12   3.4e-13  5.98e-14  1.02e-14  1.71e-15  2.86e-16  4.77e-17  7.95e-18  1.33e-18  2.21e-19  3.68e-20  6.14e-21  1.02e-21   1.7e-22  2.84e-23  4.73e-24  7.89e-25  1.32e-25  2.19e-26  3.65e-27  6.09e-28  1.01e-28  1.69e-29  2.81e-30  4.63e-31         0 
    2.4e-11   1.6e-11  5.67e-12  1.44e-12  3.03e-13  5.67e-14  9.97e-15   1.7e-15  2.85e-16  4.77e-17  7.95e-18  1.33e-18  2.21e-19  3.68e-20  6.14e-21  1.02e-21   1.7e-22  2.84e-23  4.74e-24  7.89e-25  1.32e-25  2.19e-26  3.65e-27  6.09e-28  1.01e-28  1.69e-29  2.82e-30  4.69e-31  7.72e-32         0 
      4e-12  2.67e-12  9.45e-13  2.41e-13  5.05e-14  9.45e-15  1.66e-15  2.83e-16  4.75e-17  7.95e-18  1.33e-18  2.21e-19  3.68e-20  6.14e-21  1.02e-21   1.7e-22  2.84e-23  4.74e-24  7.89e-25  1.32e-25  2.19e-26  3.65e-27  6.09e-28  1.01e-28  1.69e-29  2.82e-30   4.7e-31  7.81e-32  1.29e-32         0 
   6.67e-13  4.45e-13  1.58e-13  4.01e-14  8.42e-15  1.58e-15  2.77e-16  4.72e-17  7.92e-18  1.32e-18  2.21e-19  3.68e-20  6.14e-21  1.02e-21   1.7e-22  2.84e-23  4.74e-24  7.89e-25  1.32e-25  2.19e-26  3.65e-27  6.09e-28  1.02e-28  1.69e-29  2.82e-30   4.7e-31  7.83e-32   1.3e-32  2.15e-33         0 
   1.11e-13  7.42e-14  2.63e-14  6.69e-15   1.4e-15  2.63e-16  4.62e-17  7.86e-18  1.32e-18  2.21e-19  3.68e-20  6.14e-21  1.02e-21   1.7e-22  2.84e-23  4.74e-24  7.89e-25  1.32e-25  2.19e-26  3.65e-27  6.09e-28  1.02e-28  1.69e-29  2.82e-30   4.7e-31  7.83e-32   1.3e-32  2.17e-33  3.58e-34         0 
   1.85e-14  1.24e-14  4.38e-15  1.11e-15  2.34e-16  4.38e-17  7.69e-18  1.31e-18   2.2e-19  3.68e-20  6.14e-21  1.02e-21   1.7e-22  2.84e-23  4.74e-24  7.89e-25  1.32e-25  2.19e-26  3.65e-27  6.09e-28  1.02e-28  1.69e-29  2.82e-30   4.7e-31  7.83e-32  1.31e-32  2.17e-33  3.62e-34  5.96e-35         0 
   3.09e-15  2.06e-15  7.29e-16  1.86e-16   3.9e-17   7.3e-18  1.28e-18  2.18e-19  3.67e-20  6.13e-21  1.02e-21   1.7e-22  2.84e-23  4.74e-24  7.89e-25  1.32e-25  2.19e-26  3.65e-27  6.09e-28  1.02e-28  1.69e-29  2.82e-30   4.7e-31  7.83e-32  1.31e-32  2.18e-33  3.62e-34  6.03e-35  9.93e-36         0 
   5.15e-16  3.43e-16  1.22e-16   3.1e-17   6.5e-18  1.22e-18  2.14e-19  3.64e-20  6.11e-21  1.02e-21   1.7e-22  2.84e-23  4.74e-24  7.89e-25  1.32e-25  2.19e-26  3.65e-27  6.09e-28  1.02e-28  1.69e-29  2.82e-30   4.7e-31  7.83e-32  1.31e-32  2.18e-33  3.63e-34  6.04e-35     1e-35  1.66e-36         0 
   8.58e-17  5.72e-17  2.03e-17  5.16e-18  1.08e-18  2.03e-19  3.56e-20  6.07e-21  1.02e-21   1.7e-22  2.84e-23  4.74e-24  7.89e-25  1.32e-25  2.19e-26  3.65e-27  6.09e-28  1.02e-28  1.69e-29  2.82e-30   4.7e-31  7.83e-32  1.31e-32  2.18e-33  3.63e-34  6.04e-35  1.01e-35  1.67e-36  2.76e-37         0 
   1.43e-17  9.54e-18  3.38e-18   8.6e-19   1.8e-19  3.38e-20  5.94e-21  1.01e-21   1.7e-22  2.84e-23  4.73e-24  7.89e-25  1.32e-25  2.19e-26  3.65e-27  6.09e-28  1.02e-28  1.69e-29  2.82e-30   4.7e-31  7.83e-32  1.31e-32  2.18e-33  3.63e-34  6.04e-35  1.01e-35  1.68e-36  2.79e-37   4.6e-38         0 
   2.38e-18  1.59e-18  5.63e-19  1.43e-19  3.01e-20  5.63e-21  9.89e-22  1.69e-22  2.83e-23  4.73e-24  7.89e-25  1.32e-25  2.19e-26  3.65e-27  6.09e-28  1.02e-28  1.69e-29  2.82e-30   4.7e-31  7.83e-32  1.31e-32  2.18e-33  3.63e-34  6.04e-35  1.01e-35  1.68e-36   2.8e-37  4.65e-38  7.66e-39         0 
   3.97e-19  2.65e-19  9.38e-20  2.39e-20  5.01e-21  9.38e-22  1.65e-22  2.81e-23  4.72e-24  7.88e-25  1.32e-25  2.19e-26  3.65e-27  6.09e-28  1.01e-28  1.69e-29  2.82e-30   4.7e-31  7.83e-32  1.31e-32  2.18e-33  3.63e-34  6.04e-35  1.01e-35  1.68e-36   2.8e-37  4.66e-38  7.75e-39  1.28e-39         0 
   6.62e-20  4.41e-20  1.56e-20  3.98e-21  8.35e-22  1.56e-22  2.75e-23  4.68e-24  7.86e-25  1.31e-25  2.19e-26  3.65e-27  6.09e-28  1.01e-28  1.69e-29  2.82e-30   4.7e-31  7.83e-32  1.31e-32  2.18e-33  3.63e-34  6.04e-35  1.01e-35  1.68e-36   2.8e-37  4.66e-38  7.77e-39  1.29e-39  2.13e-40         0 
    1.1e-20  7.35e-21   2.6e-21  6.63e-22  1.39e-22   2.6e-23  4.57e-24  7.79e-25  1.31e-25  2.19e-26  3.65e-27  6.08e-28  1.01e-28  1.69e-29  2.82e-30  4.69e-31  7.82e-32   1.3e-32  2.17e-33  3.62e-34  6.04e-35  1.01e-35  1.68e-36  2.79e-37  4.66e-38  7.76e-39  1.29e-39  2.15e-40  3.54e-41         0 
   1.82e-21  1.21e-21   4.3e-22   1.1e-22   2.3e-23   4.3e-24  7.56e-25  1.29e-25  2.16e-26  3.61e-27  6.03e-28  1.01e-28  1.68e-29  2.79e-30  4.65e-31  7.76e-32  1.29e-32  2.15e-33  3.59e-34  5.98e-35  9.97e-36  1.66e-36  2.77e-37  4.62e-38   7.7e-39  1.28e-39  2.14e-40  3.55e-41  5.86e-42         0 
   2.78e-22  1.86e-22  6.58e-23  1.68e-23  3.51e-24  6.58e-25  1.16e-25  1.97e-26  3.31e-27  5.53e-28  9.22e-29  1.54e-29  2.56e-30  4.27e-31  7.12e-32  1.19e-32  1.98e-33  3.29e-34  5.49e-35  9.15e-36  1.53e-36  2.54e-37  4.24e-38  7.06e-39  1.18e-39  1.96e-40  3.27e-41  5.44e-42  8.96e-43         0 
          0         0         0         0         0         0         0         0         0         0         0         0         0         0         0         0         0         0         0         0         0         0         0         0         0         0         0         0         0         0 


Матрица вероятностей "Матрица вероятностей на последней итерации 4 шага":

      0.542    0.0997    0.0324   0.00795   0.00164  0.000303   5.3e-05  9.01e-06  1.51e-06  2.53e-07  4.22e-08  7.03e-09  1.17e-09  1.95e-10  3.25e-11  5.42e-12  9.04e-13  1.51e-13  2.51e-14  4.18e-15  6.97e-16  1.16e-16  1.94e-17  3.23e-18  5.38e-19  8.97e-20  1.49e-20  2.44e-21  3.53e-22         0 
      0.176     0.032    0.0104   0.00255  0.000525  9.73e-05   1.7e-05  2.89e-06  4.86e-07  8.12e-08  1.35e-08  2.26e-09  3.76e-10  6.27e-11  1.04e-11  1.74e-12   2.9e-13  4.84e-14  8.06e-15  1.34e-15  2.24e-16  3.73e-17  6.22e-18  1.04e-18  1.73e-19  2.88e-20  4.79e-21  7.84e-22  1.13e-22         0 
     0.0543    0.0097   0.00315  0.000771  0.000159  2.94e-05  5.14e-06  8.73e-07  1.47e-07  2.45e-08  4.08e-09  6.81e-10  1.13e-10  1.89e-11  3.15e-12  5.25e-13  8.76e-14  1.46e-14  2.43e-15  4.05e-16  6.76e-17  1.13e-17  1.88e-18  3.13e-19  5.21e-20  8.69e-21  1.44e-21  2.36e-22  3.41e-23         0 
     0.0158   0.00272  0.000882  0.000216  4.43e-05  8.21e-06  1.43e-06  2.44e-07  4.09e-08  6.84e-09  1.14e-09   1.9e-10  3.17e-11  5.28e-12   8.8e-13  1.47e-13  2.45e-14  4.08e-15  6.79e-16  1.13e-16  1.89e-17  3.15e-18  5.24e-19  8.74e-20  1.46e-20  2.43e-21  4.03e-22   6.6e-23  9.47e-24         0 
    0.00427  0.000706  0.000228  5.56e-05  1.14e-05  2.11e-06   3.7e-07  6.28e-08  1.05e-08  1.76e-09  2.94e-10   4.9e-11  8.16e-12  1.36e-12  2.27e-13  3.78e-14   6.3e-15  1.05e-15  1.75e-16  2.92e-17  4.86e-18   8.1e-19  1.35e-19  2.25e-20  3.75e-21  6.25e-22  1.04e-22   1.7e-23  2.42e-24         0 
    0.00108   0.00017  5.45e-05  1.33e-05  2.72e-06  5.04e-07  8.81e-08   1.5e-08  2.51e-09   4.2e-10     7e-11  1.17e-11  1.94e-12  3.24e-13   5.4e-14     9e-15   1.5e-15   2.5e-16  4.17e-17  6.95e-18  1.16e-18  1.93e-19  3.22e-20  5.36e-21  8.93e-22  1.49e-22  2.47e-23  4.04e-24  5.71e-25         0 
   0.000255   3.8e-05  1.22e-05  2.96e-06  6.06e-07  1.12e-07  1.96e-08  3.32e-09  5.58e-10  9.32e-11  1.55e-11  2.59e-12  4.32e-13   7.2e-14   1.2e-14     2e-15  3.33e-16  5.56e-17  9.26e-18  1.54e-18  2.57e-19  4.29e-20  7.14e-21  1.19e-21  1.98e-22  3.31e-23  5.49e-24  8.95e-25  1.26e-25         0 
   5.67e-05  8.03e-06  2.56e-06   6.2e-07  1.27e-07  2.34e-08  4.09e-09  6.95e-10  1.17e-10  1.95e-11  3.25e-12  5.42e-13  9.03e-14  1.51e-14  2.51e-15  4.18e-16  6.97e-17  1.16e-17  1.94e-18  3.23e-19  5.38e-20  8.96e-21  1.49e-21  2.49e-22  4.15e-23  6.91e-24  1.15e-24  1.87e-25   2.6e-26         0 
   1.19e-05  1.61e-06   5.1e-07  1.23e-07  2.52e-08  4.66e-09  8.13e-10  1.38e-10  2.32e-11  3.87e-12  6.46e-13  1.08e-13  1.79e-14  2.99e-15  4.98e-16  8.31e-17  1.38e-17  2.31e-18  3.85e-19  6.41e-20  1.07e-20  1.78e-21  2.97e-22  4.95e-23  8.24e-24  1.37e-24  2.28e-25   3.7e-26  5.13e-27         0 
   2.39e-06  3.09e-07  9.75e-08  2.35e-08  4.81e-09  8.87e-10  1.55e-10  2.63e-11  4.41e-12  7.37e-13  1.23e-13  2.05e-14  3.42e-15   5.7e-16  9.49e-17  1.58e-17  2.64e-18  4.39e-19  7.32e-20  1.22e-20  2.03e-21  3.39e-22  5.65e-23  9.42e-24  1.57e-24  2.62e-25  4.34e-26  7.04e-27  9.68e-28         0 
   4.59e-07  5.72e-08   1.8e-08  4.34e-09  8.85e-10  1.63e-10  2.85e-11  4.84e-12  8.12e-13  1.36e-13  2.26e-14  3.77e-15  6.29e-16  1.05e-16  1.75e-17  2.91e-18  4.85e-19  8.09e-20  1.35e-20  2.25e-21  3.74e-22  6.24e-23  1.04e-23  1.73e-24  2.89e-25  4.81e-26  7.99e-27  1.29e-27  1.77e-28         0 
   8.52e-08  1.03e-08  3.23e-09  7.78e-10  1.59e-10  2.92e-11   5.1e-12  8.67e-13  1.45e-13  2.43e-14  4.05e-15  6.75e-16  1.13e-16  1.88e-17  3.13e-18  5.21e-19  8.69e-20  1.45e-20  2.41e-21  4.02e-22   6.7e-23  1.12e-23  1.86e-24   3.1e-25  5.17e-26  8.61e-27  1.43e-27  2.31e-28  3.15e-29         0 
   1.54e-08  1.81e-09  5.68e-10  1.36e-10  2.78e-11  5.13e-12  8.94e-13  1.52e-13  2.55e-14  4.26e-15   7.1e-16  1.18e-16  1.97e-17  3.29e-18  5.48e-19  9.13e-20  1.52e-20  2.54e-21  4.23e-22  7.05e-23  1.17e-23  1.96e-24  3.26e-25  5.44e-26  9.06e-27  1.51e-27  2.51e-28  4.05e-29  5.49e-30         0 
   2.71e-09  3.14e-10  9.81e-11  2.36e-11   4.8e-12  8.84e-13  1.54e-13  2.62e-14   4.4e-15  7.34e-16  1.22e-16  2.04e-17   3.4e-18  5.67e-19  9.45e-20  1.58e-20  2.63e-21  4.38e-22  7.29e-23  1.22e-23  2.03e-24  3.38e-25  5.63e-26  9.38e-27  1.56e-27   2.6e-28  4.32e-29  6.98e-30  9.43e-31         0 
   4.69e-10  5.36e-11  1.67e-11  4.02e-12  8.18e-13  1.51e-13  2.63e-14  4.47e-15  7.49e-16  1.25e-16  2.09e-17  3.48e-18   5.8e-19  9.67e-20  1.61e-20  2.69e-21  4.48e-22  7.46e-23  1.24e-23  2.07e-24  3.45e-25  5.76e-26  9.59e-27   1.6e-27  2.66e-28  4.44e-29  7.37e-30  1.19e-30   1.6e-31         0 
   8.01e-11  9.08e-12  2.83e-12   6.8e-13  1.38e-13  2.55e-14  4.45e-15  7.55e-16  1.27e-16  2.12e-17  3.53e-18  5.88e-19  9.81e-20  1.63e-20  2.72e-21  4.54e-22  7.57e-23  1.26e-23   2.1e-24   3.5e-25  5.84e-26  9.73e-27  1.62e-27   2.7e-28  4.51e-29  7.51e-30  1.25e-30  2.01e-31  2.71e-32         0 
   1.36e-11  1.53e-12  4.77e-13  1.14e-13  2.33e-14  4.29e-15  7.48e-16  1.27e-16  2.13e-17  3.56e-18  5.94e-19  9.89e-20  1.65e-20  2.75e-21  4.58e-22  7.63e-23  1.27e-23  2.12e-24  3.53e-25  5.89e-26  9.82e-27  1.64e-27  2.73e-28  4.55e-29  7.58e-30  1.26e-30  2.09e-31  3.38e-32  4.54e-33         0 
   2.28e-12  2.56e-13  7.99e-14  1.92e-14   3.9e-15  7.18e-16  1.25e-16  2.13e-17  3.57e-18  5.96e-19  9.94e-20  1.66e-20  2.76e-21   4.6e-22  7.67e-23  1.28e-23  2.13e-24  3.55e-25  5.92e-26  9.87e-27  1.64e-27  2.74e-28  4.57e-29  7.62e-30  1.27e-30  2.11e-31  3.51e-32  5.66e-33  7.61e-34         0 
   3.82e-13  4.28e-14  1.34e-14   3.2e-15  6.51e-16   1.2e-16  2.09e-17  3.56e-18  5.97e-19  9.97e-20  1.66e-20  2.77e-21  4.62e-22   7.7e-23  1.28e-23  2.14e-24  3.56e-25  5.94e-26   9.9e-27  1.65e-27  2.75e-28  4.58e-29  7.64e-30  1.27e-30  2.12e-31  3.53e-32  5.86e-33  9.46e-34  1.27e-34         0 
   6.39e-14  7.15e-15  2.23e-15  5.35e-16  1.09e-16     2e-17   3.5e-18  5.94e-19  9.96e-20  1.66e-20  2.77e-21  4.63e-22  7.71e-23  1.28e-23  2.14e-24  3.57e-25  5.95e-26  9.91e-27  1.65e-27  2.75e-28  4.59e-29  7.65e-30  1.27e-30  2.12e-31  3.54e-32   5.9e-33  9.79e-34  1.58e-34  2.12e-35         0 
   1.07e-14  1.19e-15  3.72e-16  8.92e-17  1.81e-17  3.34e-18  5.83e-19   9.9e-20  1.66e-20  2.78e-21  4.63e-22  7.72e-23  1.29e-23  2.14e-24  3.57e-25  5.95e-26  9.92e-27  1.65e-27  2.76e-28  4.59e-29  7.66e-30  1.28e-30  2.13e-31  3.54e-32  5.91e-33  9.84e-34  1.63e-34  2.63e-35  3.54e-36         0 
   1.78e-15  1.99e-16   6.2e-17  1.49e-17  3.02e-18  5.57e-19  9.72e-20  1.65e-20  2.77e-21  4.63e-22  7.72e-23  1.29e-23  2.14e-24  3.57e-25  5.96e-26  9.93e-27  1.65e-27  2.76e-28   4.6e-29  7.66e-30  1.28e-30  2.13e-31  3.55e-32  5.91e-33  9.85e-34  1.64e-34  2.72e-35  4.39e-36   5.9e-37         0 
   2.97e-16  3.32e-17  1.03e-17  2.48e-18  5.04e-19  9.29e-20  1.62e-20  2.75e-21  4.62e-22  7.71e-23  1.29e-23  2.14e-24  3.57e-25  5.96e-26  9.93e-27  1.65e-27  2.76e-28   4.6e-29  7.66e-30  1.28e-30  2.13e-31  3.55e-32  5.91e-33  9.85e-34  1.64e-34  2.73e-35  4.54e-36  7.32e-37  9.83e-38         0 
   4.95e-17  5.53e-18  1.72e-18  4.13e-19   8.4e-20  1.55e-20   2.7e-21  4.59e-22   7.7e-23  1.29e-23  2.14e-24  3.57e-25  5.96e-26  9.93e-27  1.65e-27  2.76e-28   4.6e-29  7.66e-30  1.28e-30  2.13e-31  3.55e-32  5.91e-33  9.85e-34  1.64e-34  2.74e-35  4.56e-36  7.56e-37  1.22e-37  1.64e-38         0 
   8.25e-18  9.21e-19  2.87e-19  6.89e-20   1.4e-20  2.58e-21   4.5e-22  7.65e-23  1.28e-23  2.14e-24  3.57e-25  5.96e-26  9.93e-27  1.65e-27  2.76e-28   4.6e-29  7.66e-30  1.28e-30  2.13e-31  3.55e-32  5.91e-33  9.85e-34  1.64e-34  2.74e-35  4.56e-36   7.6e-37  1.26e-37  2.03e-38  2.73e-39         0 
   1.37e-18  1.54e-19  4.79e-20  1.15e-20  2.33e-21   4.3e-22   7.5e-23  1.27e-23  2.14e-24  3.57e-25  5.96e-26  9.93e-27  1.65e-27  2.76e-28   4.6e-29  7.66e-30  1.28e-30  2.13e-31  3.55e-32  5.91e-33  9.85e-34  1.64e-34  2.74e-35  4.56e-36   7.6e-37  1.27e-37   2.1e-38  3.39e-39  4.55e-40         0 
   2.29e-19  2.56e-20  7.97e-21  1.91e-21  3.89e-22  7.17e-23  1.25e-23  2.12e-24  3.56e-25  5.95e-26  9.92e-27  1.65e-27  2.76e-28  4.59e-29  7.66e-30  1.28e-30  2.13e-31  3.55e-32  5.91e-33  9.85e-34  1.64e-34  2.74e-35  4.56e-36   7.6e-37  1.27e-37  2.11e-38   3.5e-39  5.65e-40  7.58e-41         0 
   3.79e-20  4.24e-21  1.32e-21  3.17e-22  6.44e-23  1.19e-23  2.07e-24  3.51e-25   5.9e-26  9.85e-27  1.64e-27  2.74e-28  4.56e-29  7.61e-30  1.27e-30  2.11e-31  3.52e-32  5.87e-33  9.78e-34  1.63e-34  2.72e-35  4.53e-36  7.55e-37  1.26e-37   2.1e-38  3.49e-39   5.8e-40  9.35e-41  1.26e-41         0 
   5.83e-21  6.52e-22  2.03e-22  4.87e-23   9.9e-24  1.82e-24  3.18e-25  5.41e-26  9.07e-27  1.52e-27  2.53e-28  4.21e-29  7.02e-30  1.17e-30  1.95e-31  3.25e-32  5.42e-33  9.03e-34   1.5e-34  2.51e-35  4.18e-36  6.97e-37  1.16e-37  1.94e-38  3.23e-39  5.37e-40  8.92e-41  1.44e-41  1.93e-42         0 
          0         0         0         0         0         0         0         0         0         0         0         0         0         0         0         0         0         0         0         0         0         0         0         0         0         0         0         0         0         0 

